. 674 -1110111111011111 ET voctssvtottvtt

1116111 684, 87

1111111111 419, 4. 684, 99
Narbo 346, 6

11166167, 33. 438, 4
nasum 684, 94

1111 natabus 189,19. 633, 17
1111388, 18. 483,16 x
natrix 491, 16

natn 138, 9. 178, 80. 186, 9

143, 18 338, 18
ctetica 36 10. 147 7 341, 8

nomina corporalia 34, 86, 18 608, 18. positione pln-

ralia intellectu singularia
348, 14. 660, 7

deficientia casibus 138, 9. nomina polyonyma 341 90

178,18.186,6
311111131111 36.14. 39. 4.
11, 13. 48, 18. 143, 84.

,333333

Μηωωω1

posses 111 36 19. 147, 7.
311,8

principalia rel primae po·
sitionis 36, 4: 14. 143, 16.
Qmeae·

naufragus navifragus 466,l 649, 34. a conparatiris propria 34, 99. 36, 3138,

11111368 91. 430, 11
Navissnm 346, 6

nc 1311161111 ei coniunctio
68, 30. 74, 86. 131, 83
necessario 617 11
116111400 36
1161111387178,;8 88186,
18. 368, 84. 660, 88. 684,
negotium 684, 30
1111116386

141111 688, 31
1611111681,18
1111116488,11
11616136, 1. 146, 14
Neptunalia 488, 14
nequam nequiter 68, 14
neuter 63, 18. 811, 88. 608,
38. 666, l. 1161111111 380,
8811111111 161 16111116
888, 81

,11611 486, 14

Nicostrate 08, 11
11316161660, 88
1111111617,17

1111684, 86

“ 111478,1

nocco 648, 88

nocta noctu 63, 16

11116831,18

nomeu 10, 8ς 14. 34, 86. 86,
88. 131, 18. 137, l. 317,
8. 338, 10. 648,81. 666.
pro adverbio 66, 18. 136,
37. 846, 87. 080, 80. 618,

111111116111111 341, 8

111 aliquid 36, 99. 148, 18.
338, 88. 648, 36

13 aliquid qualiter se 111
6111111 36, 30. 148, 87.
338. 31

1131161111 117, 13. 148, 16.
131116111136, 18

1111111111 648, 30

appellativa 36, 6. 138, 39
338, 19. 838, 8; 86. 318,
8. 640, 30

aptota 41, 30 46, 30 47,
·83. 130, 36. 487, 11. 601,
13. 633, 6

⁸ cpppolsptp 1118.1l61l‚293.2196,

10 3488) 696,30 660,3

164, 38. quasi deminution

ι 340 87

derivativa 143, 18. 808, 4.
818, 17. 338, 8. 310,16.
341, 9. 461, 31. c. verba-
1611661111, epicoenon ge·

nuo

epitheta 36,14. 147, 13.
148, 16. 330, 8. 310, 8
111141, 7. 163, 34. 346, 11

- generalia 37, 6. 148, 31

341,84

Ι(1111113380. 147, 33. 310,
1. 640, 38

graeca 3616, 146, 10. 187,
3. 364, 16
111161661111660 30
homonyma 36, 30 146, 9.

39. 140, 14. 330, 9; 6.
649, 86,,1111 appellativis
qnalilatis 10, 96. 36, 19.
147, 81. 340, 6. 648, 36
quantitatis 10, 87. 36, 88.
147, 84. 349, 7. 648, 36
1111111611 11 10. 340, 88
⁵131l⁸n3313⁹3

o 1

348, 6187, 10. 606, 81.
660, 6. 671, 13; 18. 671,
8, '18. 673, 7 681,10.
683, 13, positione singn-
laria intellectu pluralia43,
10.168,11. 168,96. 178,
8.348,13.660,6
specialia 148, 33. 341, 86
synonyma 36, 9. 116, 8.

341, 18
inanimalia 649, 31
1116111111118487. 113,13. 666, 34. 668, 6

338, 14. 618, 31 1616111137, 7. 148, 1. 461,
113111311338, 3. 311, 87 31. 611, 99. 636, 14. ver-
1163111 signillcationis 36. 611111111113718. 160,13.
18.,3407 341,1.,46483468,31.
mobilia 416 163, 34. 346, 178, 18

11 nomenclator 388, 16
mouoolita664, 87 11111111111111144, 8. 170, 31.
monoptota 41 30. 46, 30. 181, 36. 188, 6, pro vora
178, t. 413, 96. 660, 81 1116 11, 39. 44, 13. 360,
monosyllaba 411, 30. 636, 1188, 16·

34 111116 488, 10

notha 36 88. 146, 11 1111111160, 83. 806, 8
numerorum 36, 83. 46, 11. nostrum 111111111111116, 30
118,10.178, 11. 186, 8. 1161111131, 93. 146, 7
340, 3. 369, 8. 187, 88 1111 888, 31. 378, 88. 383.
681, 18. 649, 38 18. 137, 88. 638, t. 664,

113111114811 340,.3 648, 80
33 novissimus 164,18. 34313

participalia vel participiis 111661 684, 80. 1111111 661, 36
1111111188, 30. 37, 31. 68. 1116186317

3. 69, 33 70, 16. 71, 6; 1161131681, 86
84.78,10.140,18.843.1111111387

83. 866, 18. 969, 8. 863, nugigerulus 11, 13

80 340, 30. 486, 4. 680, 18 1111111111 666 1

patriae 148 8. 340, 8 1111111667 3
patronymica 364 91. 116, 1111111684, 17

10. 341, 4 11111111 nominum 10, 10 18,
pluralia lantum 111116114813.166,18.174,18.317,
16. 166, 86. 176, 36. 186, 88, pronominum 806, 33.
17, 348, 6 487, 88. 606, 16161111183417.373,3.
19. 660, 6. 680, 86687,618,1.“636,81,1111111111-
91. 688, 91. 688, 10. 690, 1111 nominat nomint

mm
triptota 480, 31. 636, 38.

 

