INDEX RERVM ΕΤ vocnssvnouvu

106045, 8. 46,1. 138, 9.
172, 29. 186, 9. 352,17.
428, 19

1000010622. 373, 27. 435,
27. 515,12. 648, l. taedeo
58, 22

10110 51, 24. 352, 14

talpa 592,1

1011121,12.152,1.156,2

11011519 “

tapinosis 294, 27

Tartarus 39, 24. 162, 28.
345,12. 426, 16. 537, 9.
10110100 392, 17

tautologia 294, 1

Telchinus 558, 25

101000 388, 13

101001001592, 7

1010008592,6

101110010101601001 19, 6. 69,
19. 234, 36. 377, 17. 551,
24. 602, 22, 612, 4. 635,
19. 1001001001 iu 1001110
0001000110 29, 19. 375, 3.
695, 11. 611, 6, 618, 24.

· 629, 24. 622, 35. 635, 19.
643, 36

10006100 428, 11

1000100 32,7 ·

10000 77,12. 78, 26, 269, 32.
272, 32. 273, 23. 275, 12.
278,8

10100 595, 39

tergo tergeo 545, 25

tergum tergus 539, 7

10110000 448, 28

resin 10010 414, 14

thalamus 592, 9

’160600711060 178, 7

Themisto 35, 15

7110000596, 22

1600103919. 129, 29. 321,

010 10060 011,10

Tiryns 389, 26

11 syllaba 0. sibilus

1111100437, 8. 438, 15

tmesis 309„26. 399, 29

tolus 591, 26 ·

10110 436, 18. 438, 131606,

tondeo 59, 19. 233, 5. 368,
25. 369, 13. 432, 26

1001326

101000 591, 28

torques torquis 418, 29. 453,
28. 592,5

10100 592, 13

10110 interiectio 329, 6

10100 59, 31. 53, 19. 291, 1.
566, l. 1011110 392, 1

110600 591,27

110010 651, 32

Trallibus 349, 4

1100100 591, 25

τρέχω 608, 39

110100 437, 15

τρέφω 698, 37

trepidus 453, 21

tribrachus 322, 36

tribunal 592, 15

111600 47, 22. 195, 5

1113004289

triumpho triumphus' 61, 28.
239, 15. 262, 18

1100110000 122, 21. 322, 32

11001296, 5. 395, 1. 324, 21

trudo 392,2

110000 469, 39

10, 101 110 298, 19

1001101 62, 24

10601364, 19 ·

Το601000 596, 22

100011001 464. 28

1010 697,1

tunicatus 262, ll

10160 592, 11

turdus 161, 23

’101ἱο 41, 24. 161, 23. 412,
29. 496, 29

Turribus 349, 4

turris 355, 12591, 24

1011015923

1010 517, 12

100100010οο 626, 23

10100010100398, 3

V 27, 4. 192, 29. 129, 2.
39515. 0 rotalis 0100011-
0000010 392, 37. 100000-
01100 010 1000Ιί 393, 2. u
0101194,32.110601010-
11110392, 15. 0111111001 397,
14. 010100001324, 9. 383,
28. 388, 29. 393, 1. 639,
31. 649, 8. 643, 12

u 110110 nomina 42, 19. 165,
13. 172, 4. 185, 2. 361,

‘nmmummu

12. 564, 23
vacillo 55, 2, 221, 5. 376,Ι 23
1011001455, 2. 459, 21
111100 437,9
1011010101100592, 24 .
101100 592,22
10001564,3
100 10010455, 2. 459, 21
100 vanis 46,19. 199, 14.
364, 18. 427, 3. 010, 3.
592, 17
ubertim 518, 39
ve 74, 28. 131, 24 .
100110 593, 29
101100 592, 27
1011100468, 22

nmmffl

vendo 369, 31. 474, 1
10000001593, 15

679

10000369, 31. 638, 33
100100 428, 6. 592, 19 ’
10026301 534, 24. verberis 428,

· verbero 37, 22

10111001 19,19. 161. 53, 28.
97,6. 19418. 212, 3. 365.
28. 439, 15. 447,15. 599.
28. 542, 19. 551,19. 599.
11. 631, 20. 634, 1. 101-
601001 000103οι0000 v,
00000οι10000. 1011011016,
21. 17, 31. 219, 5. 375,
30. 439, 22. 625, 23, 649,
26. genera vel significatio-
001 v. genus. modi vel
qualitates 0. modi, 1001-
0010 0. 10010010

10160 001110 18, 35. 58, 5,
227,15. 3661. 367, 17.
439, 27. 542. 28. 551, 15.
627, 6. 652, 14

anomala 101 inaequalia 58,
31. 59, 3. 231,12. 378,
15. 634, 25. 638, 9
0161110110 101 renatorum?
62212
eommunia 19, 1. 56, 22. 58.
7; 27. 228, 25. 269, 19.
367, 39.Ι 439, 34. 513, 7.
542, 33. 551, 18. 627, 32.

’ 652, 36

0001000 10 0111110 0011000
0100000110 437, 29. 473.
16. 486, 19.·10 praeterito
437, 25

conposita 19, 5. 234,8. 379.
15. 485, 24. 599, 21. 694,
24. 636, 26

defectiva 58, 25. 61, 39.

217, 11. 236,19. 231, 35. ,

238, 34. 249, 3. 261, 27.
379, 6. 373, 21. 377, 9.
378, 3. 379,19;23; 33.
382, 19. 436, 4. 628, 29.
633, 31. 634, 25. 638, 3.
653, 25

11010100ιί10 54, 31. 229, 33.
376, 23 ,
deponentia 18, 36, 56, 6,
57, 31. 58, 29. 228, 12;

umnummn ,’

32. 513, 7. 542, 36. 551,
. 17. 628, 8. 652. 39
derivativa 54, 33. 611, 23.

636, 12. 0000101600 221.

22. 459, 13. 451, 31. 486.

39. 0 0100101110 perlecto

487, 28
desiderativa 516, 14
frequentativa 16, 28, 17, 32,

18, 8. 5429127. 61, 32.

219, 6. 22911. 221,14.

249, 8. 376, 3. 377, 14. ,

 

