678 .

scindo 433, 18

6111663814

66166 464, 30

666616 scobs 418,17. 661, 38

scopse scopo 40,06. 176, 08.
090, 0. 348, 10. 396, 6.
690, 18

scopolus 689, 07

6616616 scrobs 418, 16. sot,

scntrtt scutrillus 164, 04

neutris scutriiln 346, 30

sentum 6661611641, 13. 346,

secondo 473, 1

66666066 46, 07. 173, 0.
188,4

securis 366, 18

6611663600

66116487, 31

sedulo 046, 17. 617, 10

seges 691, 19

6616611691, 18

semivocales 07, 0. 101, l.
108,8

renuntiasses. 666, 6, .

senesoo serico 64, 00. 001,
90. 661,0

senex 66616138, 10. 39, 14.
160, 34. 164, 18. 340, 9.
636,0

sentes 408, 6

seps 690, 11

sepulchrum 691, 01

sequester 416, 01

series 689, 90

sero serus 384, 06. 481, 00.
486,13

sero seris 080, 19. 437,16.
481, 01. 486, 16

serpens 691, 00

sertum sertn128,13. 69003

6616414,14

servio 18, 33

86111111 349, 6

serum 690, 19,

6661611166660, 31

6161166 sibila 406, 17

6161166 16 pronuntiationem.
6. 086, 11. 307, 08. :isos

Sibyllini libri 601, 30

siculus Siciliensis 144, ts

sinuosos, 16

otgunt 111, 11

6166661691,οθ

siler 163, 33. 600, 0

61161148,14. 100,1, 091, t.
346, 06. 400, 31. 691, 4

silicernium 460, 00

611616 691,7

simpulum 690, 06

6161161347, 06

sinciput 401, 09

singillatim 618, 40

singularis tentum 6. nomina

sinister 36, 30. 340, 1

8111616111 349, 0

616370,Ιο

61616 378, 10. 436, 03

61116 437, 16

61116407,οθ

61166 sons

6116106116 verbu 606, (i. 009,
4. 661, 11. 664, 0

socer 390,8

6616668, 33. 61, 17. 00, 7.
71, 01. 368, 16. 377, 30.
378, 10380, 08. 431, 6
437, 19. 616, 0. 009, 17.
664,οῠ

soloecismus 083, 10. 08800.
907, 10; 93. 396, 08

86166 308,6

solstitium 460, 00

6661616 66161ιί61 460, 19

6666486, 01

Soracte 346, 11. 349, 3

66161116 64, 30. 001, l. 376,

sordes 348, 9; 11, 396, 6

specimen 601, 11

specu specus 40, 03. 47, 00.
163, 08. 196, 10. 346, 31

speculator 37, 06

spico inspico 467, 16

666116 408, 10

spolior 091, 06

spondeo 430, 06

spondens 100, 09, 300, 18

6666661111 408, 13

sponte 46, 1ος 00. 138, 9.
170, 00. 186, 8. 360, 18.
408, 19. troo. 00. spontis
96018

61666161 691, 3

etodium 689, 30

6160661606 390, 16

61616616 006, 16. 061, 08

6116161116 691, 10

61166 690, 10

1111116690, 16

stirpitus 617, 10

stirps 40,4. 163, 00. 346,06.
346, 30

6166166661470, 07

6166166666 690, 13

611666 strenue 390, 00. 397,

61111166 6111116 4116616301.
464, 06. 480, 04

6116616616393, 7

strues 690, 17

studeo 61, 01. 71, 08. 000,
6. 437, 13

61661616 691, 10

snb 06, 00. 77,16. 076, ts.
603,6

6666467, 00

x tnonx RERVM ET vocisvtonvtt

suboles-¹191, 17

subter 77, 16. 076, 18. 603,

6666166 479, 10

66116 471, 9

6611616 606, 37*

sugillo 64, 30. 001, l. stig·
gillo 376, 04

66168, 6, 009, 00

Sulcis 349, 6

66161161 689, 03

snm 68,19. 60, 3. 040, 06.
378, 07. 380, 03. 436, 116
07. 494, 03. 618, 16, sis.
12. 640, 06. 064, 13; 03,
essendi essens 494, 06

snpellex 690, 0

6666106, 001 83. 77, 11.
076, 18. 077, 06. 603, 11

superlativus grudns 11, 0.
39,10. 167, 30. 168, 6.
340, 03. 616 positivo 158,

supinum 436, 00. supino
1161116430,30

suptus 06,6

666 410, 8. 690,6

sustnlo sustollo 600, 37

snus 69, 6. 0119, 07

660666 08, 03. 111, 18. 548.
6. 6606661661 divisio 110,
3. syllabae fittuies 30017.
6606661661 temporo 110.
,00. syllabus 6611116 long-ne
110, 34. 114, 06. positione
longae 07, 30. 08, es. 108.
06. 110, 34. 114, 06. tto,
06. 118, 7. 100,7. 648,11.
6616616116609,14. 116, 06.
999, 4

6606616616 301, 08

synaeresis 221, 9. 097, 08

synsliphe 098, 9. 389, 30
400, 09

synchysis 310, 6

6661666097,7.388, 13997.
11. 616, 40. 619, 8. 666.
01. 663, 3. 618, ts. 040.

syncrisis 388, 1. 389, 30

synecdoche 807, 34. 908, 10

6666661116 6. nomina

Syrscosttni 487, st. 610, 38

6611116690, 1

systole 097, li. 389, t. 406.

syzygiae pedum 31, Ι.108,4

T 104, 6. 086, 11. 307, 09.
896, 9. geminatum 390, 1

106116 6661166 401, 08

tabes 46, 8. 40, l. 407, 00.
408, 00

 

