672 INDEX RERVM ΕΤ voclltvtotivll

161166 870, 8 invideo 612, 17. 648, 22 labdaciamna 286, 7184884,
wiffam 28121 Μ’ ι’ 16611 16621. 616, 14. 116, 1304111
1646666428, 10 16. 681, 17 16666427, 26. 681, 24
166666 468, 82 16666666 6166166166 14,6 1666 882, 7. 467, 22. 628,
161666 866, 88. 86628 . 16666606,87.614,21.616,6 17.668,18
1616166462, 80 iotacismus 286, 7. 884, 11 labor 6616166 882, 7. 400, 18.
16161166 428,8 166614, 88. 16, 1. 208, 4. 467, 22. 628, 17. 668, 18
1666111166 16, 17.19,28.64, 607, 86. 641, 82. 666, 26. labor 6661611662, 21
“ 11. 212, 86, 216, 88. 216, 1661661666 168, 17. 6666 16648, 22. 188, 10. 826, 26.
11874, 2. 610, 88. 621,84. 886, 86 846, 20. 601, 20
644,18. 6666111 16161888, 11116116 nomina 416 1 ,lacenae 280, 18. 240, 8. 480,
t. 616, ao. 1141111111 pro 1616616, 16 ’ 16
coniunctim 624, 80. 646, 16 linita nomina 418, 4. 684, 166166 848, 22
86. 616 gerundi modo 624, 116611866611. graeca 16616 488, 27
88. 640, 1. 616 indicativo 424, 11 11166661 682, 8
624, 22. 646, 81. 616 661- 16 pronomen 16, 17. 206, 18. 16666 688, 8
1161616 626, 1. 046, 6. 616 642, 8 Lamia 844, 4
nomine 16, 6. 1666111166 lemanna 426, 17 166166 461,1
Graecorum 616 imperativo 1611 adverbium 247, 84 lapidicinae 881, 22
624,21.66116611161861616 16166246,4 16616 682, 26
graecorum 628, 81. infini- ltalia 266, 22. 824, 7. 888,1. laquens 668, 4
11166161661661 graecorum 400, 17 . [area Fnroltnm 606, 28
innectam-21 1161661,4 1661641666
168168, 26. 282, 8. ,870, 12. 16661416, 12. 681, 7 16661488, 86. 668, 86
878,10; 86.882,14.486,6 iugerum 47, 8. 182, 80. 188, latebrae 428, 10
luguen 681, 8 81. 864, 14. 426, 82. 681, later 46,18; 26. 1884172,
ingurgito 461, 17 16 80. 187, 1. 862, 18. 428.
inhumaniter 22, 14. 68,16. iugulum 581, 20 18
06, 4. 246,4 1666111681,12 lacaenae
inimicitiae 428,8 ium linita nomina 868, 18, 161161166484,3
1616116116 178, 1. 187, 28 860, 86. 686, 16. 666, 16 1611666168, 20
inperfectum tempna 1616661 1666116146, 28. 188, 6. 172, lavacrum 682, 8
61166661 884, 1. 688, 18 21.186,12.187,8 16161616168,10. 288, 26.
1666166661111 verba 17, 21. 1616647618 ⁴ 368,23. 8118183828.
18, 28. 64, 16; 21. 68, 21. 166 861111 nomina 868, 18. 484, 26. 668, 16
61, 8. 82, 12. 71, 80. 216, 860, 86. 428, 10. 636, 16. lana 682, 6
10280, 20. 287, 23. 241, 666, 11. 666, 11 16616686, 18
4. 261, 17. 870, 28 880, 1668711616146, 24. 412, 8. 16616187,8
11.486,18. 488,28.616,4. 427, 27. 428, 81, 488, 82. lego legaa 474, 81. 486, 14
626, 8. 646, 10, 1666166· 686, 80. 681, 6 lego legis 486, 14
66116 1666661618. 64,16. 166 1666611616 681, 18 laguine 840, 18
216, 10. 870, 28. 876, 18. iustitium 462, 22 legumen 682, 18
684, 81. 846, 11 1616 16661647, 24 leniet lentesco 660, 26; 81
166166 878, 28 infinita 6616166421,6. graeca 166 lea leaena 41, 10
16661666 26, 7 426, 21 16666 682, 27
inquam 68, l. 282, 1. 882, 1616 484,2

{32 ,ᾖ 1⁸0· ⁴⁸⁰² ¹⁸· ⁶2⁹⁹ 1116, 6;16. 161,1ο. 140, 4. {ffiffi'laffl 111111

nunnae 616, a. 666, 11 111111· 111111 11666111
maratana . 111,1,,1,11ζ,11111·1111 ¹⁰· 1166661116, 11
1611, aa. 116, 16111, 121111111111111 1116641611616111666,
66161616116111. {gfff} ¹³ 11
664, 12. interiectionea ’ 11661287,80.486,27.116666
praeponitiouibna 61161166 261, 18
26, 16 naon, 84. 884, 22. gemina· 1161116662,1
661661616666616 61616 tum 1661116466116, 6661166, 61. anan
interpretor interpertor 882, 46916461), 61166666· 1161116116 688, 16
16 utum 661, 11. aaa, 16 lignumnaa, 14
1611666426, 18 linita nomina 414, 16. 487, 1111616688, 12
111101141421,1a.a4,·11. 61, aa. 666, 61. 666, 16. 661, nmen 661, aa
80. 248, 7. 280, 28. 281, 86 1111166427, 26. 688, 10
. 81. 617, 18. 618, 2 labaacn 660, 22 116661 681, 28

interiectio 10,18.26, 12. 76,

 

