luunx sentunonvtt 659

Ρ111110113571,17. 580,20.581,17,24. 582, 583, 6, 8, lo. 584, 1, 3, 28. 585, 30.
12. 584, 14. 585, 20. 589, 18. 594, 7 586, 5, 12. 587, 3’. 588, 9, 12, 16. 589,
Persius sui. 1, 34 480, 30 4, 8. 590, 2. 591, 5, 22. 593, 4, 22, 24.
58 483,6 594,1,5
1,30 311111 -
3, 9 471, 27 Quintilianus in controversis 186, 32
11 324 28 ·
mmm . mmmmmmu
5,68 136,6
6,5 163,2 8151110320, 19
24 161, 24 Sacerdos 190, 24
70 421,30 Sallustius 22, 12. 38, 32. 59,11. 76, 23.
Petronius 167, 11. 578, 23 155, 26. 163, 5. 168, 18. 180, 5. 196, 20.
nunus 33, 11, 11, 13, 133, 13. 11011, 213. 26· 2932222414342137· ⁴¹:²2
sot‚1o‚3·26‚28. 421, 22, 436, 15 29. 436, 5 496, 20. 555,,9, 561, 2., 593,
1111311111. ,1101117 197,15 ll} fiigbfflg' ‘¹353’ 3! iu Ρῗῗο Ὗῖῗὲξῐὲἑη
1111111111331110 11113. 131111 ¹1⁰ ² · ¹¹⁵⁰‘¹²¹¹”¹¹¹¹¹ ¹¹⁰ 1 ·

cam , l, ¹2 Μ, ,, 111 5ἔ3ἔὲ1,11ἓ158,,2,3,,2,73, 11

172,6 587,12 5 7212
003113154 58, 22 25 1111311

71111111111163 378133 ’ 33 13,11.13,11.113,13.
Merc.V4,4 59, 22 555,6
musteli.ll‚44 5923 51 73,14

1112, 1111 131. 21211. 33 inquunt 11,1.131,1.313,11
1111111131 31111 5 611, 11, 313, 31

111311101113103 :tt 11,13.101,1.113,11
1139 148116 13 3311113331

, 5,38 380, 28 106 72,7
1119353111314,31 652,1 114 208,ss

Plinius Secundus 45, 13. 49, 21. 50, 8. 144, Scucvoln 575, 24
15, 164, 13. 172, 13. 193, 36. 201, 5. 227, scholastici 158, 35
23. 233, 35. 283, 18. 292, 13. 11 libris du· Sedulius 579, 20 ·
bii sermonis 185, 18. 560, 30 Severus, Cornelius 588, 2, 26. 590, 1, 21

. Ρο110,Α3111103574, 6. 592, 4 83131113, Sulpicius 577, 8, 18. 580, 21. 582,

Pompeius 317, 13. 319, 23. 326, 20 3. 583, 30. 585, 3, 28
Pomponius 40, 11. 574, 25 Sextius (1) 305, 11
Porcina 590, 3 SidoninsApollinsris 576,15. 577, 4, 6. 581,
Porphirlns 328, 12, 17, 20 28. 582, 7, 24. 583, 12. 584, 30. 589, 14
Priscianus 456, 31 8111111113 Cupito 110, 1
Pronus 10, 0. 10, 13. 103, 11. 131, 31. 133, 31131311333131, 30. 130, 13
37. 325, 25. 326, 21. 366, 19, 27* Acliiil. l 131 465, 2
οα1101.ρ.17 45, 18. 138, 5. 187,5 11224 475,13
39 241,1 342 483, 28
instit. p. 51 138,18 11131113 482, 28
52 lonso 268 47312
53 169,12.178,14 338 167, 22
61 152, 34 ’ 11389 483, 21
13 1331 133 1131113311
82 173, 31. 18838 111151 464, 28
131 30,11.100,11.111,11, 301 131, 30
319, 22 424 478, 23
, 144 269,10 532 464, 31
147 76,11.280,12 17202 482,7
180 225, 23 592 59, 15
Propertius 113,24 626, 16. 651, 28 711130 479, 27
33, 37 590,24 · 111111 306,13
lll 13, 35 588,5 901 478, 26
1710,44 592,5 14594 178,8
11,15 576, 22 . 141361 4834
Prudentius 572, 5. 573, 24, 26. 574, 16, 18. , 389 483, 2
575, 22. 577, 12, 16, 19. 578, 15, 17; 21. 31010134, 23. 135, 26. 611, 36
579, 23, 29. 580, 1, 14. 581, 1, 8, 15, Symmachus 584, 5. 588, 25
20, 22, 26,32.582,1, 5, 9, 17, 25. symposius 577, 1’

 

