676

pelvis 586, 4

1111111606, 30

pendeo pendo 433, 36. 437,
3113111661, 15
1111111617, 16

penus 111111 40, 8. 437, 38
1111111338, 11
woffo? 13

’ percolo 477, 13

perdix 687, 1

11111431, 17. 607, 4
11111378, 83

pluralia tantum n. nomina
111111436, 33. 437, 13
polyptoton 304, 13
polysyndeton 304, 33
pomilio 1111111143,6.166,11
11161413, 36. 438, 4

innox RERVM ΕΤ vocauvtouvli

' 25. 1111111611 conpositae

600, 16. 636, 34. aliae 111
11111 positae 338, 37. 333,
3. 111 1111116111 34, 31, 66,
1. 69, 10. 77, 31. 78, 30.
361, 17. 370, 38. 373, 34.
379, 14. interiectionibus
1111111136, 16

1119 praeemit> vel amer· 111111111111111
41166331 ²9· 681 33· ⁶99 praesepe 1111111111 praesepia
39, 131, 3. 361, 13. 347, 4111,13,181,16

6. 330, 33

praeter 76, 14. 78,16.378,

perlectum tempus 431, 11. 111111111111163,16. 333, 15

633, 3. 11 11111 11 883, 36.
640,6.11116111111 graeco-
rum 606, 17. 633, 6

7. 369, 14
1111111 186, 39. 433, 33
porro 74, 33

praetextum 687, 6
prandeo 433, 33. prensus 73,

t. 111, 11

111111111161,10. 318, 10 1111111139, 36. 163, 1. 846, pratum 688, 9

Pergamus 428, 19

periodus 34, 6. 133, 11. 381,
peripetasma 47, 81. 197, 17
periphrasis 308, 16
perissologia 334, 1
peristromum 686, 7

311, 11

14. 436, 38. 688, 1»
Porsena 384, 31
11111111 586, 14
11111147, 31
11111434, 34. 437, 16. 438,

11111438, 38

prelum perium 393, 33
1111111131438, 8

primores 428, 6

primulum 360, 31

primus 1111136, 36. 340, 4

.. .. positio syllabarum 37, 30. ,111111153338
1111111111111111111334,13. 31339· 29, 14· 103165· 1111111111111111111 dactylo
109, 22· 114, 25. 116, 26. 30, 13

11111111 pronominum 14, 22. 118, 7. 130, 7. 648, 11 ,1001111411 6
49, 11; 37. 301, 13. 1111- 1111111111 gradus 38, 6. 163, proconsul 1131
borum 61, 4. 336, 39, 879, 31. 171, 1. 183, 16. 343, 3 1111111168, 36. 361, 13

39. 611, 33. 636, 17 -

111111111ῑὸ8, 33

niolio: 634, 30

pes, 111111 11111611333,16.
pedes metrici 30, 6. 130,
31. 331. 3. 648, 31. 111-

1113111134, 1. 133, 3

progenies 588, 13

1111111877, 13 640, 33. ,10111151136
664, 38. 11111111 337, 3. ,10111111 3111,1

888, 8
1111378, 16
1111 crastiuum 88, 6

111111 136, 34. legitimi 11 potens 149, 36

nothi 31, 33. 136, 19. pe-

dum divisio 31, 9. 133, 38.
11111111130,13; 18. 131,
111 tp 339, 12. 606, 83
Phaethon 389, 19
1611111688, 14
Ρ1111Ι111 389, 16. 400, 33
111116 608, 1
piget 515, 13
pilleum pilleus 687, 10
11111683, 6
pinus 163, 16. 846, 36
11111393, 3
1111118330. 346, 3
1111111306, 33
pistrinum pistrilla 41, 14.
Q, 30. 193, 3. 846, 33.
1111116 1111111633. 221, 4.
376, 33
pinus 164, 9. 343, 10
111687, 14
placeo 1111111363, 17. 636,
13, 646, 36
11161688, 7
plectetur, 16
11111111111394, 1

1161111161111438, 30. 466,

11111111636, 13

praecordia 438, 13

praedico praedicas, praedico
praedicis 468, 34

praedormio 637, 16

praedone 463, 80

1111111111 13, 30. civitatis

proles 588, 10
promissivus modus 16, 17.

11, 11. 11, 1. 111, o. 311,

promulgo 476, 14
11111111111. 11, a. 11,

1. 11, 31. 131, 31. res,
30. 313, 3. 607, 6. 641, 3.
663, 34. 664, 37

pronomina articularis 14,
28. 16, 3;16. 60,19. 11-
11111111111111111111111 16,

mmmmmmli

- ligitime 11, 31. 43, 11.

urbis 12, 13
praefectura 13, 33
praelatione gradus 38, 37.
eracliensem, a. 34111
praenomen 35, 3. 140,16.
141, 13. 339, 13
praepositio 10, 13. 34, 38.
76, 9. 37, 31. 134, 36.
363, 36. 631, 36. 646, 38.
663, 30. 1111111111, locales
25, 24. cum adverbiis 21,
22. 25, 17. 64, 22. 69, 33.
348, 16. 366, 6. 374, 3.
613, 31. cum nominibus
civitatum 331, 33. prae-
positionibus iunctae 373,

1111113163, 16. 307, 16
deductiva 303, 3
deficientis ensibus 309, 1.
crescentia per rasus 308,

’11

demonstrativa 15, 10. 61, 11
linita 14, 11; 371 3616,
36. 49, 13; 19. 63, 3. 301,
6. 303, 18607, 11. 641,
4. 666, 1

1111111114,33. 49, 13; 30.
52, 3. 300,17. 303, 1. 607,
11. 541, 5. 666, 8. inunita
ad aliquid 61, 1
interrogative 660, 36
gentilia 60, 22. 304, 34

minus quem duita14, 38;
33. 60, 6. 61, 13. 63, 4.

 

