662·

Verg.9eor9.lV 494 98922
556 464, 25
564 556,3

11111811 SCRIPTORVM

Verg. 41551 203 647, 31

prooem. Aen. 202, 29. 298, 14
,44511 74,11. 118, 5. 121,
34. 133, 25. 282, 3.

548. 13

2 34, 8. 65, 5. 285, 22.
297, 17. 301, 3, 324,

zm,

582, 16

1. 400, 17. .

3 390. 9. 550, 18

5 390,7

5 555555
m 555555

24 273, 19
28 388. 16

5555554
mama

32 58518
36 252
40 324,11

4455 ,

45 589, 27

46 269,13,548, 17

48 521,9

60 306, 33. 324, 22

64 25,12
65 39910
67 579, 24

545555

5555
&mm
4455
5455
5455

95 76, 22. 508, 2. 523, 8.

565, 35,

96 158. 13
104 58319

108 310, 10. 365, 22

445 555.4ι
lum&
4555

4555Μ5555
455ω
mamm
5555
5455
454 55,45
5554
5555
5555
5455 ·
5555
5455
5555
5455
5454
5455
5455
5455
5455
5555
5454
mamm
55554
455555
5555
5454
5455
5555
51555
5455
5554
5455
5555
5555
55555
5455
5455
55555
5455
5555
55555
5555

11 l 6324

54555555

123 581,10
125 58018
143 584, 20
146 34517
148 65, 22

55555

5455
5555
5554
54545
5455
5555
mamm
5555
5455
55η

5455
5555

555555

4555
4 mm
555555
5455
5455
5 5555
5555
wem
5455
5 55
5 ma
5555
5555
n 55
5 55
5,55
5555
5555
5355
5554

 

