660

Terentianus 242, 33
olto 1019
469 29,14.11116
1103 29. 26. 117, 23. 399, 22
1160 11026
1192 118,16
1317 11121
2226 1211032128
111111ῐί1168, 36. 206, 21. 229, 7. 24134.
246, 3. 436, 10. 641, 38. 644, 21641, 26
,4111111131 23110
11131 388,·11
41 419
44 64, 24
112 469, 32
111119 311
1111 6112
8 16113
3, 61 1308
014 6110
Andr. proi. 1 302,6
10 6908. 63114
26 30111
112 3912
42 69, 33. 619, 33
47 6119
107 3121. 666, 23
3,6 609, 31
13 30114
161 66122
112, 28 6617
31 36117,
116 60036
6, 20 23111
11114 21136
3,1 36116
111122 468, 24
24 2313124018
119 6124
1116 66126
3, 28 4718
4,9 483, 27
30 29116
37 4128.173,11.
18111
6,6 39. 21
Eunoni. proi. l 30114
17 30122
32 31201610)
11,1 6128
198 66023 ⁴
11116 712166122
26 4611
40 646, 20
3, 20 6124
24 49141
30 616
32 47027
40 2418
111110 348, 27
12 66124
16 3017
46 6010

1110811 886117011111

Ter. Eunoni. proi. 1114, 10 60, 28
113 46029
newton timor. proi. 19 637, 32
11110 26032
3. 46 6617
11118 47117
· 118 61117
1111111118 611120128
1104 6116
114 624, 37, 646, 4
111146 1131611.
22127
113, 31 69, 12
11411111. proi. 28 373, 1. 380, 27
11,1 18129
116 37121
27 69110
61 38119
113 48124
111113 48119
111118 7112
30 6134
1113 311, 36
8,4 4716
26 48021
Tibullus 1117 68117*
38 6803
Trogus 693, 21

Valentinus 677, 1

Valerius 326, 26

Valgius 686, 4

Varro, M. Terentius 10, 6. 41, 27, 48, 23.
49, 23. 169, 23. 16113. 199, 13. 202, 3.
324, 31. 326, 26. 361. 9. 367, 23. 6419.
672, 18; 21. 674, 9. 676, 10. 676, 13. 686,
17; 24. 687, 1; 10;14; 17. 588.1;4.
690, 9; 16. 691, 26. 692, 5⁸. 693, 18. 629,
18. 664, 21. in actionibus scenicis 690, 4.
intentamenta. 108, 10. od Ciceronem
318, 32. 684, 27. od Neronem 690, 26. in
libris numerorum 617, 31. quaestionum
epistolioornm 688, 19. in entirn512. 16.
Menippeus in Catamitu 468, 2. in Scaevoia
62116406

Varro Atacinus 306, 18. 349, 11*

Vergilius 46, 18. 4126. 199, 18. 291, 8.
326, 29. 348, 12. 37016. 60026. 644,
27. 67131. 677, 10. 680, 3. 682, 4. 687,
3. 690, 23. 691, 18

61166119 67127
12 37136
14 62113
16 42031
26 6216
30 24, 32. 76, 19. 270, 26.
279, 27
33 369, 22. 6601
34 67110
46 3612
64 69011
60 66119
69 369. 21
70 306, 29. 324, 24

 

