INDEX RERVM ΕΤ VOCABVLORVM 677

203, 3. 607, 12. 541, 5, quaudiu quaudius 392,2 11111 588, 25
565, 2 quando 74, 33 11111416, 10
pronomina 1111111 203, 33 quanti 51, 9 , roboro 481, 33
ordinis 204, 1 quatio 436, 24. quatu 638,30 · 11111654, 23
personativa 15, 26 que 131, 24 111589, 8
possessiva 14, 29. 15, 25. queo 381, 33. 838, 32 1111111111589, 13
52, 5. 53,5. 203,27. 207,7 1111111147, 21. 588, 20 rubigo 589, 4
praepositiva 551,2 . qui quis 15, 19. 205, 18. ructo ructor 628, 18. 653, 22
primigenia202,3 206,19. 208, 20. 508,1. 1111111472,10
111111111550, 27 541, 20. 565, 30 11111471, 26
qualitatis 203, 31. 509, 13 qui adverbium 65, 34. 68, 31. rumen 501, 9
quantitatis 203, 32. 509, 14 60, 13 rumino 461, 12
1111111114,29.15,15.509, 111611154212 , 111111589,6
19 quies 588, 18 ruo gruo 392, 1
segregativa 550, 36 quiesco 55, 10. 221, 33. 377, 1111115891 ,
11111111ῑί11 14, 29. 15, 14. 1. quiec 222, 6 111 21, 26. 69,5. 412, 8. 428,
50, 4. 51, 15. 551,2 Quirites Quiris 42, 21. 166, 31. 589, 3
responsiva 550, 37 31. 167, 9. 176, 91. 348, ,
dubia 11111 pronomina ct 8. 428, 6. 588, 21 828,1.29,25,108,26.116,
1111111153, 17. 211, 22 quisquiliae 428, 11 11. 117, 23. 395, 13. 111-
propago 347, 3 quisquis 52, 8. 207, 25. 208, 1111111 324, 6. 3922111111-
propiuo 479,3 16 sum iu line vocabulorum
proprie v. 11111111 quot 60, 29. 203, 33 109, 16. 388, 73 213 22
propter 89, 10. 278, 15 quotus 50, 31. 204, 1 1111111 nomina 498, 15. 502,
prosum 618, 16. 654, 28' 5. 604, 36. 561, 29
protentum 133, 28 li omissum 283, 13. 400, 8. 1111111590, 9
prothesis 296, 31. 387, 33 transpositum 392, 23. pro saevio 487, 15
prunus 163, 30. 346, 2 dass, 15 sagus 591, 9
psallo 477, 29 1 111111 uomina 415, 8. 498, 11111111 348, 24. 591,1, 11-
Pteleum 587, 10⁸ 10. 499, 20. 503, 29. 505, 111560, 31
pubis 418, 10 16. 558, 30 Saldae 506, 22
pudens 71, 30 1111111588, 24 1111111590, 21
pugil 355, 26. 497, to. 558,9 11511459, 8 salio 61, 19. 383. 32
pugillares 428, 6 radicitus 517, 15. 518, 40 “ 11111161, 19
pugnum pugnus 687, 12 radius 588, 23 1111111111111111111111111324,
11111111586, 12 1111111163,26,589,22 · 10.327,15.392, 10
11111626, 18. 651, 30 1111111588, 26 11111436, 14
pulvis ’42, 19, 166, 27, 176, rana ranunculus 346, 29 8111111561, 1
9. 177,23. 348, 6. 427,25. 1111517,12 111111 71, 14
588, 5 11111589, 17 sanguiutinus 398, 5
1111115863 reboo 449, 20 sanguis 166, 30. 176, 17,
1111111142, 5 111111 517, 17 348, 6. 427, 25
pungo expungo 383, 21 11111111 75, 14 sapor 589, 25
Punica 11115111496,10.364, refuga 454, 17· sarcasmos 312, 1
10 ’ 1111111483, 18 · SardusSardinieusis 144, 28
punio 1111111233, 7. 369, 14 regno262, 18 sartor 149,8
puppis 355, 17 regnum 588, 23 satias 397, 11. 428, 15. 450,
purgo 476, 12 111111641, 1 28
pusio 42,5 religio 589, 21 · Saturnalia 348, 10. 428, 14
puteus586,17. 587,’7 , reliquiae 428, 11. relliquiae 91111131, 21
pyrrichio 322, 16 283, 14. 284, 30. 388, 2. 1111111111 610, 12
pyrrichius 30, 20. 322, 10 reliquus 392, 23 1116111467, 28
1111148, 15 remigis 428, 23 ' scabillum 590,4
reminiscor 438, 16 111111 scala 42, 27. 176, 29.
Q 27, 15. 28,5. 101,21, 104, remus 589, 19 290, 6. 348, 9. 3965. 428,
17. 110, 4. 239, 25 renes 589, 10 ’ 11. 590, 18
quadrigae quadriga 42, 27. reor 439, 3 scalper scalprum 591, 14
176, 29. 290, 6. 348, 9. 11111111388, 16301, 15 11111484,6
396, 6. 428, 9 resolutio pedum 30, 12; 18. 1111111197,12.292,13,357,
quaeso 59, 2. 232, 1. 379, 121, 24 18
20. 380, 1. 382, 14. 436, 1111111355, 24 schemata dianosas, schemata
4. 483, 8 rhetores 395, 26 lexeos 299, 19. 300, 28
quaestio 588, 19 §lusos 603, 29 11111111 onomaton 303, 16
qualis 51, 24 1111244, 27 Scillaocum 8111111111 349, 1

 

