coo,

65555115 Caesarine 348, 31 5511555575, 1

551515 463, 18 Caulon Caulones 348, 34

calesco 54, 25 caupo 347, 23

caligo 577, 13 corum 574, 20 ”

551155 437, 13 55 75, 4. 131, 24

callidus 575, 4 55115 55115 53,21. 61, 30. 62,

551115575,12.577, 12 2. 240, 13. 370, 20. 377,
11. 382, 13. 436, 14. 640,

celox 421, 22

5555 cenatus 72, 4; 14, 262,

5511515 575,3
55151577, 14
55115 485,7
calx 574,7
camelus 575, 6
caminus 574, 6
5555115 574,4
cancelli 167, 3. 176, 24. 348,
3. 506, 13
555555 575, 16
5556555573, 21
5551155 577, 16
55514285
55515 canicula 41, 14, 164,
22199, 3. 346, 23. 418,
7. 575, 18
5555551 cannabis 573, 12
cano 434, 25. 473, 11
555155 143,16
capillus 574, 2
Capitolium 14, 4
55551110, 11. 577, 4
0515115343,11 1, 231, 32
carbasus 162, 26. 426, 17 · clam 25, 17. 274, 32
555551 carceres 428, 5. 575, 14 5151515 577, 18
555115 575, 22 , 5151551753
carecta 573, 2 clausulae 234, 20. 235, 3
carex 420, 31 clibanus 575, 8
carmen 577, 1 clipeus clipeum 40, 21, 163,
Carmentis 26, 34138, 10 27. 574, 24
ermenoarae 515555 555515 332, 24. 5515-
Carthago Carthagines 348, 32
5115555576, 10
5555111576, 22
casses 428, 5 55551437, 23
655155 328, 16 cognomen 35, 7. 140, 30.
castra 348, 10. 428, 12. 506, 141, 15. 333, 14
27 5515534, 8. 133, 11. 281,21
casus nominum 11, 25, 44, 5511515573, 24
6. 138, 2. 170, 26. 131, 30. colum 477, 13
350, 15.550,12, pronomi· 55155155 colunto 233, 11

certio 384, 28, 437, 26

cernulus 453, 33 t

cernuus 453, 30⁸

charientismos 311, 12

51155155 30, 23

Chremes 365, 16. 424, 10

5155155 573, 23

cingula 576, 17

51515 576, 21

515 5155 467, 12

circnmllexus accentus 32, 1.
126, 8

515555 circulus 573, 4

5115 adverbium 64, 3

5115 uerbum 516, 14

civitatium 5511115521,24.22,

ammmmmm

cla 337, 13
515515 575, 23
5555 55555 468, 23

num 14, 10. 208,10. casus 55155573, 23

obliqui 44,10. 351,4. 611, colustrum 576, 1

37. 5555515515544,6. 351, 55155 575, 3

3. 611, 37. casus septimus comedo 37, 20. 231, 27

12,3.33,8,44,16.171,21, comma 34, 7. 133, 11. 281,

183,11. 351,13.550,15. 22

casus 551555512, 5. 44, 17. 5515155555 syllabae 115, 26 ,

183, 32. 351, 17. casuales como 478, 23

1551555 44, 21. 171, 34. 55555551555515115517,18

184,12.351,21.555555555 concilium 577, 7

Ι555515 155511 238, 5. 5551- 5550135573, 5

555 addicta nomina 172, conluto 488, 13

35. 187, 17 coniugationes verborum 16,
catachresis 306, 14 23. 17, 6. 13, 3. 55, 14.

INDEX RERVM ET voctssvtonvu

543,1. 551, 23. 634, 11.
638, 17. 5115515 coniugatio
16,23. 450, 10. binae 555-
iugationis verba 381, 36.
384, 21. coniugationeo
Graecorum 447, 17. 601,
23. 612, 14. 623, 20⁸. 633,
5551555115555 10, 11, 24, l. .
73,6. 37,23. 134, 35. 264,
17. 435, 21. 520, 31. 553,
3. rationales 555 causati·
bus 24, 21. causales pro
rationalibus 73, 15; 27
coniunctlcus modus 16, 14.
54,10; 14. 215, 13. 375,
6. 510, 22. 613, 21. 643,
22. 555 indicativo 620, 8
coniux 421, 26
55511115 286, 7. 287, 26
conpago conpages 575, 10
0011131 3133 11121·
. , . , .
555ω555
5155111563,32, 68, 10; 27.
243, 12, 513, 27. 5555555-
115515 gradus 151, 18
5555555ιί155 maduo 10, 29.
38, 26. 33, 7. 151, 32.
157, 23. 158, 4. 342, 17.
555 positivo 155, 10151-
1155 5 positivo significans

‚Qu

conpedes 42, 23. 428, 9

55555115 555551155 437, 23.
573, 14

55555115 555551115 437, 23

555555155 431, 8

55555555 18, 6. 55,6. 377, 2

5555111155 574, 16

5555155 234, 16, 240, 33

· 555555 455, 10

5555551155. nomina, verba

consonantes 26, 28. 100, 26.

conste’rno consternor 473, 23

consuesco 55, 10. 377, 1

55515551515537, 23

555115555573,7

contingo contingit 625, 15.

continlre continuo 64, 7

5555555 432, 23 ,

conubium 383, 1. 577, 2

convitium 577, 8

corbis corbs 561, 35. 574, 11 ,

55151555 453, 4

55555 564, 24. 574, 13

5551155574, 13

555555 577, 10

cortex toust. 163, 26. 231,
15345, 26. 576, 7

categoriae 622, 27 222, 15. 330, 23. 382, 34. cortina 575, 7
osteis 284, 21. 386, 23 430, 21. 447, 15. 511, 41. 55155555 573, 16

 

