680 INDEX RERVM ET VOCABVLORVM

46026. 449, 4. 616,11, verbu proptia singulorum 11551511,26.669,26.429,
626, 10. 660, 4; 661, 14 generum 666, 27 7. 666, 7. nominum gnae-
verba inaequalia 68, 61, 5511155155115614,31 cornui 669, 26

69, 6. 261, 12, 678, 22 1151111455, 60 volu vis 261, 19. 436, 20.
inchoativa 16, 27. 17, 2. 18, 555151115562628. 648, 26 467, 14, 23. 486, 20, 664.
26426. 2196118. 221, 5511151555ιὸ48,6 17;28*

61. 261, 4. 376, 6. 677, 6. 5151154827. 607,2.629, 17. 551515155467,26.486,211
460, 26. 467, 4. 446, 24. 664, 26 5551516969

470, 6. 616, 4. 616, 46. 1511516961 vox 26, 90. 99,9

626, 34. 649, 61. 660, 17 verto 607,2 1115555696, 11
inperunnnlia 17, 21. 19, 29. 15111601, 16 urgeo 7260

64,16; 21. 68, 21. 61, 8, venena 68, 66. 468, 16 · ursus 72, 60. 696, 17
62,12.71,60.216,10. veternum 692, 21 . us finita numina 161, 64.
260, 20. 267, 26. 241, 4. 515511551629 419,10, 640, 6. 661, 21.
261,17,670,26.680,11. 5151615617, 16 · neutra 499, 11. graeca
466, 19. 468, 28. 616, 4. 5155111428, 27 423, 6. 424, 16

626, 6. 646, 10. 649. 261Ι 1161156446 usquein, 16. 276. 31
meditativa 16, 26. 17, 66. 5181166626668, 10 5169,8;28. 261, 20. 619.
219, 6. 676, 4. 460, 26, vigur 693, 24 14

449, 2. 626, 27. 649, 28, viiia viia 692, 8 uter 211, 22, 666, 1

660, 9 111115Ιί5649, 6 uter uuis 696, 2
monosyllaba 69, 4. 262, 26. vinum 42, 91. 177, 29. 348, uterque 211, 22. 608, 19.
670, 16 12. 427, 26. 498, 66. 606, 666, 1
1151111116,8.66,20. 68,7; 2666691, 6799 11516991

29. 227, 83 60. 229, 21. uin (1) 667, 11 ⁸ 7515511115168,18.196,19
666, 2. 66226. 460, 29. 51515515122, 16 vulgo 476, 14

611, 26, 616, 7. 642, 61. 5111615617, 16 1111311540,22.162, 18. liti
661,16. 627, 26. 662, 17 51111542, 28. 662, 2. 427, 27 28. 646, 16; 61. 427, 27.
15155551555115455. 69,3 via 192, 22. 694, 1 666, 10. 696, 13
5551155555115368, 19. 461, vincum 427, 27. 498, 67. 51115115 696, 28

6. 614, 41 vinens 51551696, 7 5111555 696, 22

numinibus 511111Ιί5 67, 19. 51555551555115428,28. 59³,4 uus unita numina 629, 26
641,1. 464, 23. 469, 61. viso 449, 7

472,19 vitun 667, 27 Η, ,9 ,8, 9, ,6 ,9 ,
5553531661, 23 viaet provixisnet 286, 29 ,01⁹ 20 ,ω ,1,,9 ,ὃ ·
551555556515601,6.604,27 111515 496, 22 ⁹ ¹ ’ ·

participalia v. participium 1115151115 696, 60 ¹ 11111111 1191911111 42⁰2 93- 493-
5155111 55, 5, 551, 15. 155, uuus 511, 55. 5551 99199· ¹³· 591, 19. 511.
1. 5511515555. 515, 511555151551115515 99 ·

,55 551,15. 551, 15. 555, um unu uomina 151, 55.

19 1141111991191 15515115515551
5555155155115461,8 umerus 693, 26. humerus 312310212'15
πεποιημένα 628, 25· 633, ⁶80, ᾖ y. finita nomina ζῇ, Π
uma amma

55115515 17, 62. 219, 6. 220, ungo unguo 646, 26

15. 5155. 15555. 11515. unus 211, 22. 555, 15. 5551 1991999911961· 111·
5555 vocabularium. 5155 19119· 19
,1151155555 55515 vocaus 55, 55. 1555. 151, 1111119151

principalia 220, 66 27. 106, 4 , 1555155601, 12. 604, 17
aquicinensium, 12 vocativus secundae declina· ζῶ 626, 1

 

