Ι111661( 6611111 61 1661666616 666

cotidie cottidie 892, 1 (1611116466, 10 doraum 677, 21
66161611673, 13 . deminutione. adverbio, no· dualianumerus 10, 60. 60,.6
orabatur 673, 16 1616616166 166, 68. 174, 17 664,18.
61661363 (166116 6668 647, 36. 379, 6. 666, 18.
6161116 617, 16 (16666 (166666 464, 60. 486, 636, 6 666, 66
6161164741 16. 486, 66 (1666 18, 60. 644, 66. 640, 36
Creon Creo 146,1 deponensu verbnm (16161436, 8
crepo crepare crepere 486, desolo 467, 68 (166 166, 29. 174, 60. 416,
, 66 devertor 481,9 26. 617, 14. 636, 63. 668,
- crepundia 468, 16 (161160) 697, 11 16
6166611384, 66. 437, 66 dexter 86, 36. 340,1 . duumvir 664, 30
611616 676, 11 (111011666661111166 dure duriter 66, 14. 63, 16.
6116161111616766 diadema 197, 13. 577, 30 66,.3 646,.3 646, 16. 617, ·
crocodillus 676, 16 diaeresis 667, 68. 386, 16. 9. 616, 6 ·
crocus crocum 6766 366, 36. 667, 6 400, 66 durodureo464, 60. 486, 66
crotalisso 666, 64. 661, 63 Diana 389, 6 δύναμαι 606, 6
cruor 176, 18 (1111666106,67 4. 631, 63.
6661166666116111674, 16 666, 6 11106, 4. 66611661661388,
cubo 468, 10 diastole 136,16 16. 366, 8. 400, 7. 6 pro (1
cudo 433, 64. 471, 17 dicam dicas 428, 16 366, 16. ae pro 6686, 8.
cuius, cuius cuia 66161646 (11616666146,16;36.176,66. 6 fluite uomina 166, 3.
17. 60, 63. 61, 6. 664, 187, 6. 666, 13. 468, 16 413,1.466,63.600,10.
264, 36. 610, 16. 464, 6 (1166 (11666 437, 61. 468, 16. 667, 63οι11666 466, 68.
cuicuimodi 607, 31 486, 16 437, 4. 16 ablativo singu·
6611666661161161676 10 dico dicia 18, 60. 437, 61. 161111,17. 16 terminatione
culmen677,6 468, 32. 486, 16. 644, 67.6(1161·111616111 62, 66. 63,
scnlmua culmum 576, l2 618, 18. 640, 36 61. 64, 66. 66, 16. 644, 61
6111161676, 60 (11616637, 8. 340, 17 6,,61016660166111677, 10
cum praepositio 269, 36 11111636, 19. 424, 61 ἡβῶ 1066161661, 6
6661664688 1116646,17 160, 30. 346, 66. ebur ebor 416 10. 678, 4
cunabula 428, 13 677, 66 eburneus 678, h
6111188428,8.574,18 0108011101 351, 25 eccum 0008OE 51,17, 53,2,
cupido 673 61 (11166116 667 646, 60 616, l 000, 33 000, 3⁹1
06111166 3464 digammon 67, 16. 106, 3. coniunctus, 11
curriculus curriculum 676, 3 606, 30 00,, 000, 0
currus 6763 (1106664668.173,10.188,6 00000004, 00
θΜΜΗθ ΜΜΜΘ. umm‚’uwmum
6611667616 diphthongi 29, 11. 116, 16. 00 “
6161111610 ⁰²⁰2 ²3· ⁶512 23 ¹1⁸29 ecthlipsis 668, 6. 660, 11.
60166674,1 (11011616ιεῦ78 6 400, 00
, , 1116166081 12· ⁶232¹ 6661666678,6
0161616161661666,16. ar· dradrvea158‚ 16 ,000000οΑ ,
1111666686, 11 (11661011661116011616636416.00000000 300, 00 430,
dactylus 30, 66, 363,11 366, 66 00 400, 00
dapes dapis 428, 10. 678, 1 disco 464, 64. 437, 16 0000000, ,,000 000, 30
(16111666160616116 nominum disertus 680, 63 educo edum, ed ,0 edum
011,,(,1660·616 666 finitorum 0166616,6,06,,,66 469, 2, 43’6' 5⁰
1 iveal . '
mmmu‚mu,nnmmemu mmmm
m,umu.m‚emmm‚e mmo ¹
mmwmuommmnmnfflmfflfflfflss
ummffiwmemnmnmtfflfflfflss
tlt'xstdffiffl, 00, 430, 8 60014,63.641,16.617,14.
mmw'm,n numm,n ΜΜΜΜΜΜ
6ΜΉ666 mmmr 6οΉ8
wmm‚8 mm'u ΜΜΜΠ
mmmuwm mmwnnuurfflffiu
(1616111161, 66 64, 66. 66, 6. 166, 30. 61 finite nomina 600, 37.
(161161616467,.63 364,13.6“17,68.(1ο388, 668,1
dehinc 619, 34 66 616166166616011166678, 13
(1611166616, 36 0616660813. 606, 17. 614, 611661 61, 17. 63, 6. 606, 33.
deintus 61, 66 60; 36. 663, 6· 610, 31
(1616666668, 66 (1666116376, 30 emblema· 197, 11
deliciae 468, 6 , 0616661111616 646, 16 emendo 476, 9

 

