INDEX SCRH'TORVM 657

in Miloniana 2, 6 3067 Hom. Od. 1 394 628, 26. 633, 37. 663, 32
2663 1862 · 11238. 319 02616
pro Deiotaro 7, 20 2661 - Ν269 60616
in Philippicis 11 66, 66 ,6661 ’ 3666 664, 12
3676 22, 13. 263, 27 . Ρ626 60610
1411119 16611 1111260 60613
16 secundo 66661664 bonorum etmalorum Horatius carne. 1 2, 7 449, 11
. 11 13, 39 6466 4,1 41626
Tuto. 11116. 1116, 36 6763 4,4 468, 20
(1666111666111 10, 26 6766 · 613 4669
“ 3681761630 9,1 34612
16 primo de re 6661166113 6266114611 9,6 27633
somn. 8616616 6861 1616 16636
de legibus tertio ,62636469 ¹ 34‚3 48611
epistulae 154, 14. nd Pansam 672, 17 113,6 672, 23
6666134616 618 484, 26
(1166611)349, 11 7,3 42, 21. 176, 33
-6166616666689,3 111617 27630
codicilli 13, 31 ¹ ¹ 610 43, 9. 168, 21.
Coelius in primo 661 33 196, 16
Cornelius v. Nepos et Severus · 614 107, 22
6616116160616146,2 ’ 1661 66618
6614668617 233 2467
cyprianum& 14 262 40, 26
. 27, 26 4869
Donatus nominatim αρ621161669,3;8. 12, 34. 27, 29 66, 10
20, 19. 34, 19. 60, 18. 66, 2. 62, 32. 96, . 29, 37 468
14. 98, 6. 99, 26. 10619. 117, 29. 118, 111 4, 34 481, 33
18. 134, 7. 138, 16. 140, 3, 149, 24. 161, 643 66618
6.166,1.167,20.164,18.18634. 188, 11, 24 42, 23
29. 196, 4. 109, 32. 200, 11. 206, 7. 217, epod-29 483, 29
20, 224, 30. 231, 16. 232, 17. 234. 22. , 64 4623
246 3. 243, 21. 270, 36. 274, 33. 27626. 61 74,8
279, 18; 28. 280, 16. 281, 20. 288, 6. 610 4668
2866317, 4, 16. 319, 21. 32619;26; 12, 11 467, 21
34. 323, 21. 326, 2. 326, 7. 327, 3;,14; 24. 17, 18 166, 28. 176, 0
Draco 610, 39 17,48 4619
Dynamius 679, 13 17, 60 293, 28
6111161634 47619
Ennius 206, 28. 684, 26. in annalibus 287, 46 4664
29. 291, 17, 26. 297, 30. 303. 21, 33. - 3, 66 Ι48619
304, 4. 310, 3‘3 4. 400, 9. 666. 3. 626, 624 484, 28
2666636111Χ6666111161646,916116- 6126 4862
6661116674, 24 8,17 40623
’ 46 47613
Fabianus 690, 17 676 48419
116616632617 ’ 163 348, 26
Fortunatus 688, 14. 689, 30. 6966 71 467, 29
Fronto 349, 16 72 10616
1166166166 680, 27 ν ’ 11610 47622
4, 33 67611 .
Gracchus 67630 7, 36 481,Ιο
66161169 461, 14
Hieronymus 3264 1640 4768
Homerus 687, 11 79 76628630
111106 60626 11633 47631
449 60627 126 48636
669 637, 26 2159 4867
8264 628, 13 de art. poet. 66 61617
[1126 628, 26. 633, 37. 663, 32 60 3264
11124 624, 23 298 162, 31

Ν 41 637, 26 ’
60 628, 14 Incerti poetae 118, 30. 237, 14, 16. 286

1221 60610 20. 291, 27; 29. 294, 8. 296, 7. 310, 34 4.

 

