INDEX scRn‘TonvM

Verg. bucol. 122 318, 20. Verg.qeorq.l480 177, 33
23 23133 482 391912135
54 42926 1117 61917
165 1191939911 12 500.2
91 51, 5. 53, 4. 210, 24 26 3413
20 5792 31 589, 22
25 ,21923 79 51935
69 58920 193 5794
77 643, 35 , 214 59126
979 1197 242 47114
83 501115 250 6491265926 ,
89 177, 32. 558, 7, 57910 299 2920
90 3118 , 314 58922
94 66, 24 384 61, 20, 333, 33. 5992
157 3392942912 447 57114
95 52910 449 411
37 58130 456 6916
78 5899 486 39912
944 1198 ¹ 519 57112
“ 47 100, 20 536 3095
54 46113 · 542 31925
62 29115 , 11117 5899
7,1 6117 35 63,8
5 624, 39. 6497 53 7914 ,
37 36,10.147.3 · 75 52139
941 2512151917 93 2798
43 23135. 4092163914 135 30925
47 1017 156 51118
55 389, 23 166 50927
71 21921 ι 167 51935
87 6910 212 4795
911 54927 215 64911
39 61215198 223 2391441122
191 40912 230 50925
12 2929 < 243 39914
ρεονρ. l 42 400, 24 256 60910
43 478, 23 264 58914
78 58925 286 66, 28
106 6920. 796 299 57119
108 59125 311 5816
131 5596 325 136, 3, 255, 35
132 57910 366 59915
138 4012 , 374 4717
150 57914 376 19911
154 58130 381 3093139936
166 59122 402 5891
183 5911 449 58923
185 59192393 , 450 58114
’208 5598 481 35117
111) 1713955916. 5718 495 58118
232 40116 498 40918
233 57917 “ 499 51912
261 47123 550 146, 22
264 59125 lV 59 231213094
315 5797 139 47128
397 1294. 32131 167 58913
400 5997 181 23916
419 48117 185 6930
434 5112014 193 4815
442 2792949926 291 47133
445 268, 29. 2915 300 58122
447 30921 313 4397
457 3917 377 56919
460 52111 477 58916

 

